3 0.044811569501798584
4 0.19045142991485403
5 0.8269877739235142
6 1.7063459160926822
7 1.762981022311185
8 2.108236149184565
9 2.2063600717149483
10 2.3191353825792866
11 2.521096617983568
12 2.658982468678811
13 2.669816617925308
14 2.7028749785388815
15 2.735730811708801
16 2.736498255283535
17 2.763209162961554
18 2.778366950192654
19 2.782430011988568
20 2.8515053440873825
21 2.868967659137855
22 2.889988693491836
23 2.893677592028266
24 2.8947694941284317
25 2.9014990320501974
26 2.9015843512836264
27 2.9134403697159326
28 2.939533943855104
29 2.9574376588721223
30 2.982135167021995
31 3.012029239060103
32 3.009844844106881
33 3.0116731502754592
34 3.026026739187153
35 3.028363263831861
36 3.030937092662084
37 3.0315067367725677
38 3.032508727150603
39 3.0339071566125244
40 3.0440239518661265
41 3.0496200568405545
42 3.0562591725935375
43 3.0563643716817404
44 3.0580294509161448
45 3.059704347987523
46 3.062812381306882
47 3.064448394930411
48 3.066360494176444
49 3.0718054568704947
50 3.072587214048974
51 3.0734462402265077
52 3.075046935088614
53 3.084604204676334
54 3.086597002636644
55 3.0895511876322455
56 3.0906310271437025
57 3.092168600235735
58 3.0952158733797814
59 3.097351887709099
60 3.0997612409650426
61 3.10431176954679
62 3.1049569277904636
63 3.1040685184969683
64 3.1091865426303715
65 3.109424675610793
66 3.1102383429693723
67 3.1113565158637493
68 3.1114007023383277
69 3.113434172020515
70 3.1136037762041884
71 3.115038863913186
72 3.1161618930413213
73 3.1170069960931626
74 3.119665689821191
75 3.120524669441768
76 3.121287620216961
77 3.1209247535294593
78 3.1220882435976445
79 3.1223964302291995
80 3.1228794778553035
81 3.1231958984028703
82 3.12346344926006
83 3.1239465392531125
84 3.1242521881125866
85 3.1245276118568945
86 3.124716228671277
87 3.1247546981894763
88 3.124843378624168
89 3.1248497744417745
90 3.125145903482093
91 3.125690673305124
92 3.1258724695685833
93 3.126069079771371
94 3.1263762578140164
95 3.126551253751008
96 3.126837533116363
97 3.126847794646862
98 3.1270312825772786
99 3.1271930374257075
100 3.127299101807058
101 3.127986720878483
102 3.128835647786836
103 3.128872678117189
104 3.1293342929911905
105 3.1297649021958978
106 3.1301777245483584
107 3.1304438231000824
108 3.1305421673641742
109 3.1305928657685342
110 3.1313089662082243
111 3.131742086239653
112 3.131901204988768
113 3.1327124735403036
114 3.1333023490352967
115 3.133150108442784
116 3.1332004284588857
117 3.133095156362566
118 3.1338262028145287
119 3.133863213204532
120 3.133890264548014
121 3.1339176901657044
122 3.1339626779155143
123 3.134114160109023
124 3.134232903450634
125 3.134197279984771
126 3.1344259156052874
127 3.1344469604941483
128 3.134641898398592
129 3.1347842377090887
130 3.134720003663526
131 3.1347388952170427
132 3.134734313983157
133 3.134974287290582
134 3.134984631827196
135 3.134996112249551
136 3.135030205227257
137 3.1350599173648277
138 3.1351254739219194
139 3.1351639844148185
140 3.135214348866055
141 3.135260733771473
142 3.1352645052045482
143 3.1353004659045918
144 3.1353399317339927
145 3.135416982024525
146 3.1354602407605103
147 3.1354727173990673
148 3.136152924886719
149 3.136451288035594
150 3.136482358494551
151 3.135976203721129
152 3.1362043732626
153 3.1362279320327127
154 3.1363169823529193
155 3.136262750480916
156 3.1361195399654176
157 3.1362891318829065
158 3.136242294670117
159 3.137013788593176
160 3.137060656700087
161 3.1370976882825152
162 3.1371358627825856
163 3.1371401967519854
164 3.1371586151925883
165 3.1371775452704544
166 3.137186567986301
167 3.137189286041831
168 3.1372157652730666
169 3.137289050826284
170 3.1373100901614457
171 3.1373565295510426
172 3.137465961085705
173 3.1376013965862115
174 3.137586033937282
175 3.13768320392389
176 3.1377858216331984
177 3.1378689917303006
178 3.1379246032036208
179 3.137941420976908
180 3.138079149860683
181 3.1381377392642005
182 3.1382526670824973
183 3.1383048760049626
184 3.1383817359932826
185 3.1384201142085892
186 3.1384483422169445
187 3.1384600335864254
188 3.1384908120851365
189 3.1384983990107513
190 3.1385168039519673
191 3.1385545010525933
192 3.138555745853948
193 3.138577590382339
194 3.1386228766776885
195 3.13865234352721
196 3.13868528477426
197 3.138743386423039
198 3.1387589323690044
199 3.1387642701783953
200 3.1387764591158436
201 3.1387833234712206
202 3.1387895632687512
203 3.1387966806818888
204 3.1387973559917803
205 3.138855688314868
206 3.138865345715376
207 3.1388908525770476
208 3.138968889838044
209 3.1389869400961627
210 3.139012323297178
211 3.139013031402988
212 3.1390172854786806
213 3.1390368306225946
214 3.1390369437355155
215 3.1390611788070437
216 3.139070544793788
217 3.139085217622732
218 3.1390865219670725
219 3.1390984652959313
220 3.1391013912692713
221 3.1391028994580275
222 3.1391069873466617
223 3.139111538159649
224 3.1391353523841032
225 3.1391531694010655
226 3.13917827401767
227 3.1391898328497634
228 3.139205140641466
229 3.1392137159897224
230 3.139225037380672
231 3.1392300051826556
232 3.1392324803901324
233 3.139240111664794
234 3.1392545533104097
235 3.139275198425787
236 3.139295541942411
237 3.1393447731842543
238 3.1393847148766167
239 3.139393428795233
240 3.1394354634300314
241 3.139442000947012
242 3.139453303923052
243 3.139455464322421
244 3.1394942944862905
245 3.1395228267290634
246 3.1395300990600314
247 3.1395655773782454
248 3.1395780255121926
249 3.139587501188632
250 3.1395925866390724
251 3.1395983258145397
252 3.1396130346788893
253 3.139638569820089
254 3.139646185103472
255 3.1396708996136238
256 3.139678276861256
257 3.139686370869751
258 3.1396910570590415
259 3.1396924513298177
260 3.139696533877272
261 3.139701395296416
262 3.1397624008283094
263 3.1397935443586054
264 3.139788020893068
265 3.1398564906729654
266 3.1398853517003293
267 3.1398710495898783
268 3.139921983450533
269 3.1399485438632446
270 3.1399664275554535
271 3.1399940620415765
272 3.139994766793247
273 3.1400001473043133
274 3.140004677203296
275 3.1400100838620233
276 3.1400164894147813
277 3.1400551170490276
278 3.1400504754399075
279 3.140063019751639
280 3.1400910673815363
281 3.1400918751741105
282 3.1400925076890362
283 3.1400965057500247
284 3.1400977783729918
285 3.140099434020862
286 3.1401093158810793
287 3.140109095381714
288 3.140121306334424
289 3.1401239543077364
290 3.1401286440156024
291 3.140139585135939
292 3.140159755591654
293 3.140163620646762
294 3.1401761671357242
295 3.140199334134076
296 3.140234601958366
297 3.1402437611039034
298 3.140245995943622
299 3.1402543406979655
300 3.140254464923328
301 3.1402617125141
302 3.140268412028374
303 3.140287925640685
304 3.140281978347552
305 3.1403055213250592
306 3.1403033814914254
307 3.1403217224991478
308 3.1403220011478563
309 3.1403271709577893
310 3.140330242598047
311 3.140331411365496
312 3.1403324447187493
313 3.14034116894453
314 3.140345735963364
315 3.140346211695366
316 3.140352631173054
317 3.140364030439634
318 3.1403642094137068
319 3.14036530698705
320 3.1403721791300954
321 3.140385639681356
322 3.140408555762815
323 3.1404124216556886
324 3.1404302898400593
325 3.140427137324993
326 3.1404443335176673
327 3.1404454961345953
328 3.140449764346204
329 3.1404618701489864
330 3.140468940882465
331 3.1404764560118617
332 3.1404784528729217
333 3.140479338180131
334 3.140479438206511
335 3.140485380099204
336 3.1405036168408897
337 3.140504717164499
338 3.14051250964904
339 3.140519491179204
340 3.140526130023195
341 3.140543512480658
342 3.14054185305399
343 3.1405575773004566
344 3.140564232504249
345 3.140569657273296
346 3.1405711977515143
347 3.140576496801792
348 3.1405806471339104
349 3.1405807552432434
350 3.1405809443366794
351 3.1405825096514746
352 3.1405849836546986
353 3.1405919111423755
354 3.1405936694855043
355 3.1405938951652024
356 3.140596140171207
357 3.140597988926444
358 3.140605732717309
359 3.140617084084496
360 3.1406227876084127
361 3.140634252188213
362 3.140640890613202
363 3.1406555999263404
364 3.140666281448973
365 3.1406699240862226
366 3.1406713556458756
367 3.1406803551406375
368 3.1406836375468647
369 3.1406880354210833
370 3.1406932472364146
371 3.1406981155118276
372 3.140699214138143
373 3.140702976086895
374 3.1407031578636637
375 3.1407045545983148
376 3.1407057899200876
377 3.140723097905667
378 3.1407203244147905
379 3.1407288848646493
380 3.1407291043927827
381 3.140737238802604
382 3.1407408253084306
383 3.140747816554334
384 3.1407525758881
385 3.140754712711687
386 3.1407652977494855
387 3.1407700468507533
388 3.1407723793441824
389 3.1407747066269547
390 3.14077514581363
391 3.140775960424739
392 3.1407759684688306
393 3.140778195049537
394 3.1407835495366547
395 3.1407852266948724
396 3.1407853735187357
397 3.140788431040631
398 3.1407908928118338
399 3.1407913970471157
400 3.1407919555245356
401 3.1407924459732888
402 3.1407984150190056
403 3.14079774456722
404 3.140806752746619
405 3.140807931332952
406 3.140811136494119
407 3.1408229985361564
408 3.140826214995243
409 3.1408287649912476
410 3.1408327997266645
411 3.1408372849648494
412 3.140835575424902
413 3.140846847201337
414 3.140846972842519
415 3.1408506321146428
416 3.140856085999174
417 3.140860823941299
418 3.140865967895748
419 3.1408690713820806
420 3.1408744482269437
421 3.1408792625406265
422 3.1408797093084306
423 3.140880415401789
424 3.14088572684717
425 3.140889281786512
426 3.140892217355248
427 3.1408953897674303
428 3.1408986809412744
429 3.140901212946947
430 3.140907513930763
431 3.1409093596634623
432 3.140913739618392
433 3.1409150331994455
434 3.140915306455752
435 3.140916278933842
436 3.140916847950871
437 3.140918121588171
438 3.1409193138539377
439 3.1409216508900286
440 3.1409291626445865
441 3.140930449907385
442 3.1409315777104814
443 3.1409364665463264
444 3.1409366008935824
445 3.140940405832115
446 3.140943148654309
447 3.1409497913634437
448 3.14095011064819
449 3.1409514017520404
450 3.140952801611491
451 3.1409543446702894
452 3.1409557570969455
453 3.140956558014811
454 3.1409568933668903
455 3.1409595628281313
456 3.1409611965510513
457 3.14096241351466
458 3.140962952752245
459 3.1409658685475006
460 3.1409684186638045
461 3.1409686553130345
462 3.1409690836995043
463 3.14096940105751
464 3.1409702559007098
465 3.1409711096729476
466 3.14097256395735
467 3.1409732981841305
468 3.1409737698984825
469 3.140975269558631
470 3.1409761526049294
471 3.1409763671134057
472 3.140986257599065
473 3.140988767835965
474 3.1409911100285663
475 3.140992157278008
476 3.1409941717746745
477 3.140997876944205
478 3.141012376926034
479 3.1410100669811674
480 3.141015951412383
481 3.1410242486845936
482 3.1410255436535715
483 3.141027182572954
484 3.141028055628159
485 3.1410285223404917
486 3.141039187913581
487 3.1410424386922355
488 3.141044300615272
489 3.1410429118643797
490 3.141043497373906
491 3.141060330515508
492 3.141062854278897
493 3.1410664337533114
494 3.1410686423272587
495 3.1410706340467365
496 3.141072334845046
497 3.141072405382866
498 3.141074946703735
499 3.1410776384635013
500 3.141077816829797
501 3.1410779012198855
502 3.141080224994968
503 3.1410817183335764
504 3.141082253679314
505 3.141085580101778
506 3.141086401495321
507 3.1410893549527295
508 3.1410895692785066
509 3.1410915200136644
510 3.1410922453659644
511 3.1410939457214955
512 3.141095826442152
513 3.1410979157080363
514 3.1410995627527325
515 3.1411022727923594
516 3.1411066296120027
517 3.141113567243641
518 3.1411122392000226
519 3.1411117409025655
520 3.141117672451922
521 3.1411177943055177
522 3.1411192230326423
523 3.141119954965752
524 3.141126706749825
525 3.1411268682229037
526 3.141128144914334
527 3.141129665005936
528 3.141134685840868
529 3.1411386858853074
530 3.141138761180175
531 3.141141713223312
532 3.1411490830133304
533 3.1411474570564155
534 3.1411491152860878
535 3.14115126638984
536 3.141151963744862
537 3.1411538870213542
538 3.1411592719679198
539 3.1411600379828752
540 3.1411594080542
541 3.141164477051458
542 3.1411651994240057
543 3.1411660451618424
544 3.1411687557055017
545 3.141169213942947
546 3.1411735879123035
547 3.1411747054934867
548 3.141178772177284
549 3.141180715611256
550 3.141182130042699
551 3.1411841540322842
552 3.141186015778867
553 3.141186983604832
554 3.141190276917279
555 3.1411932763833113
556 3.141195665400656
557 3.141195691042924
558 3.1411976587243826
559 3.141198088141618
560 3.141199448595365
561 3.1411999283278584
562 3.1412031073972497
563 3.1412047377723207
564 3.141208005051213
565 3.1412093122972773
566 3.141209619250894
567 3.1412101358572198
568 3.141210352881701
569 3.1412104884028462
570 3.141213802580038
571 3.14121412666239
572 3.1412168309459645
573 3.1412180751229206
574 3.1412168857422884
575 3.1412209540751843
576 3.1412228653745142
577 3.141223073225408
578 3.141223526936216
579 3.141224275437143
580 3.1412247379623572
581 3.1412252572646797
582 3.1412254237843444
583 3.1412300281485344
584 3.1412317241482666
585 3.1412348872885008
586 3.1412373705965297
587 3.141237278292391
588 3.141239855825444
589 3.1412418505440685
590 3.1412493415444054
591 3.141257302447345
592 3.141254666348187
593 3.141255566726724
594 3.1412568725288454
595 3.141257363196253
596 3.1412606732169874
597 3.141257187473329
598 3.141259320791709
599 3.141267323784028
600 3.141267559198989
601 3.141267857866048
602 3.1412681044451203
603 3.1412684555721504
604 3.1412692099621413
605 3.1412696744129405
606 3.1412713354861426
607 3.141272573493333
608 3.141273124040266
609 3.141274204484582
610 3.141274981301102
611 3.1412767802356996
612 3.1412779520871297
613 3.1412790777532447
614 3.1412847966093724
615 3.141284702370122
616 3.141287785142835
617 3.141289063505907
618 3.1412912977045018
619 3.1412956467954323
620 3.1412968763685485
621 3.1412973807891764
622 3.1412970661362736
623 3.141297365497601
624 3.141298569697562
625 3.14129897245571
626 3.141299810810476
627 3.1413000727317018
628 3.1413004215988285
629 3.1413011732721103
630 3.1413020407710843
631 3.1413021705562785
632 3.141302305796868
633 3.1413024647524797
634 3.1413026262116692
635 3.1413031264960045
636 3.14130341936124
637 3.141305869989661
638 3.141306259571698
639 3.1413055172650077
640 3.1413084263791444
641 3.1413091675096196
642 3.1413094533235535
643 3.141309938545782
644 3.141311208738243
645 3.141311850548394
646 3.141313409141044
647 3.1413143340041345
648 3.141314378442582
649 3.141317914695023
650 3.1413194197485708
651 3.141320365110639
652 3.1413208604235425
653 3.141320132940711
654 3.141320019216972
655 3.1413277956270735
656 3.141327746737295
657 3.141328137250129
658 3.1413294652803847
659 3.1413310895246336
660 3.141333475416549
661 3.1413343956267505
662 3.1413339438395815
663 3.141335201082259
664 3.1413358465393304
665 3.141338613043061
666 3.1413387270600692
667 3.1413392481496176
668 3.1413408646649543
669 3.1413416301682093
670 3.141341922877777
671 3.14134294208907
672 3.14134445627948
673 3.1413447462929316
674 3.1413449993940814
675 3.1413454674938683
676 3.1413455194746867
677 3.1413463254012512
678 3.1413466886587855
679 3.1413474541552455
680 3.1413487490414242
681 3.1413489242240504
682 3.1413509835657694
683 3.14135191399723
684 3.1413524364061005
685 3.141353029991451
686 3.141352722696029
687 3.1413545289149014
688 3.1413546203382627
689 3.141355109977509
690 3.1413554804543695
691 3.141355743279883
692 3.1413559939263567
693 3.1413564654851838
694 3.141356719939326
695 3.1413569506361263
696 3.141357439878239
697 3.141357481771344
698 3.141357977698011
699 3.141358071608213
700 3.141361455582064
701 3.1413615414385156
702 3.141363287815508
703 3.1413637740242213
704 3.14136747302183
705 3.141368486660891
706 3.141368759965953
707 3.1413693874304194
708 3.1413736171726048
709 3.1413728563958236
710 3.141373278538376
711 3.141376730597593
712 3.1413772608568307
713 3.1413790472019105
714 3.1413788293661526
715 3.1413789491460293
716 3.1413803318203866
717 3.1413806006195064
718 3.1413806603463077
719 3.1413806872053303
720 3.1413808973191175
721 3.1413813662181123
722 3.141381776272175
723 3.141381795524985
724 3.1413819262566673
725 3.141382030856628
726 3.1413823447633686
727 3.1413827933107155
728 3.141382908095502
729 3.1413829481999507
730 3.1413830309372432
731 3.141383048674017
732 3.1413831267204237
733 3.141384177438882
734 3.14138460928028
735 3.141385236701916
736 3.141386551240752
737 3.1413870408465945
738 3.1413876066833244
739 3.14138799417802
740 3.141388244838433
741 3.1413889960331494
742 3.1413891973193735
743 3.1413900829630332
744 3.141390512871919
745 3.1413905321675366
746 3.1413927120403446
747 3.1413928059825653
748 3.1413928960737274
749 3.1413929115394676
750 3.1413929905850138
751 3.141394242994246
752 3.1413965356797346
753 3.1413966012508836
754 3.1413959007807892
755 3.14139661972495
756 3.141396081952573
757 3.1413986682126716
758 3.1413987866241833
759 3.141398822671148
760 3.1413988323113684
761 3.141399320363547
762 3.1414001743948523
763 3.1414008522545123
764 3.141401622413454
765 3.141402033488522
766 3.1414024165042713
767 3.141405562922195
768 3.14140620907404
769 3.14140482913117
770 3.1414059195837956
771 3.1414064984530428
772 3.141409181361797
773 3.141409220588558
774 3.1414092742434065
775 3.141409753468717
776 3.141409884971976
777 3.141409946162335
778 3.1414100822308573
779 3.1414108235571816
780 3.141411621701942
781 3.1414119320442873
782 3.141412028203923
783 3.141412078251406
784 3.14141211683803
785 3.141412498819341
786 3.141413322358322
787 3.1414135732467208
788 3.1414137439290717
789 3.141413889786453
790 3.141413995687479
791 3.141414826795889
792 3.1414149045718274
793 3.141415329235441
794 3.1414157637628555
795 3.141416322258036
796 3.1414166886904455
797 3.1414170462868114
798 3.14141715838971
799 3.141417407550886
800 3.1414177182340235
801 3.1414177364674347
802 3.1414178254031926
803 3.1414194192056693
804 3.141418826221879
805 3.1414198115458305
806 3.141420457568386
807 3.1414206185470768
808 3.141421329355421
809 3.141421294501094
810 3.1414219267311916
811 3.141421975884209
812 3.141422010680939
813 3.1414220516960834
814 3.1414220603679315
815 3.1414223559109278
816 3.14142259008831
817 3.1414227981377754
818 3.1414228784139904
819 3.1414230261518057
820 3.1414230344698217
821 3.141423087135243
822 3.1414231520240854
823 3.1414231581000873
824 3.1414232939773643
825 3.141424516102325
826 3.141424140324138
827 3.141424552449815
828 3.1414248516852665
829 3.1414256775791674
830 3.141425965991285
831 3.141426166752102
832 3.1414262350951323
833 3.14142626607785
834 3.1414270396645136
835 3.141427206577987
836 3.1414280362167486
837 3.1414282373511773
838 3.1414284900868235
839 3.1414286668604325
840 3.1414290960399294
841 3.1414291199027944
842 3.1414292888979687
843 3.1414294273140797
844 3.1414306647869847
845 3.1414305259102075
846 3.1414307885383304
847 3.141431069684564
848 3.1414325924981252
849 3.1414327898531216
850 3.1414336404165444
851 3.141433113652801
852 3.1414340838217973
853 3.1414355107253673
854 3.141436338123434
855 3.141436257595539
856 3.1414371362635714
857 3.14143771273048
858 3.141437931071322
859 3.1414385673681893
860 3.141438449961324
861 3.1414389225521586
862 3.141439296679331
863 3.1414410789375355
864 3.141441642307685
865 3.14144160931678
866 3.1414425518996296
867 3.141442567091935
868 3.1414426228018297
869 3.1414426466602405
870 3.1414430093332357
871 3.141443280044755
872 3.141443644505817
873 3.1414438964454043
874 3.1414440326726902
875 3.141444270730176
876 3.1414444840671676
877 3.141444501761429
878 3.141444704228789
879 3.1414448830461623
880 3.1414450971863195
881 3.141445118257476
882 3.1414453782197076
883 3.1414471070519596
884 3.1414463191414015
885 3.141446726569916
886 3.1414468569827254
887 3.141448024731623
888 3.141448118006392
889 3.141448254965602
890 3.141448986348368
891 3.1414492925496575
892 3.141449737837787
893 3.1414501334422034
894 3.1414522883714446
895 3.141451635861536
896 3.141451939547192
897 3.1414529867612733
898 3.14145403856117
899 3.141454009127281
900 3.1414552999034875
901 3.1414554024210535
902 3.141456111278833
903 3.1414562698231783
904 3.1414568794549314
905 3.1414568918911394
906 3.1414569454559547
907 3.141457749210412
908 3.141457918181779
909 3.1414581462721873
910 3.1414591044859033
911 3.1414591121360345
912 3.141459502117702
913 3.1414596729319255
914 3.1414600511816793
915 3.1414603005237955
916 3.1414603574455793
917 3.1414603877352585
918 3.1414605312160497
919 3.1414609182429665
920 3.1414610732895385
921 3.1414614057601566
922 3.1414615107628587
923 3.141461535650202
924 3.1414615675546775
925 3.1414615759577003
926 3.14146158639364
927 3.141461742440539
928 3.141462038480106
929 3.141462305867784
930 3.1414625950797657
931 3.14146263324516
932 3.1414627251474543
933 3.1414627345126696
934 3.141463015474548
935 3.1414629809226913
936 3.141463175273172
937 3.141463448258554
938 3.141463433893
939 3.141463861272502
940 3.141463846781239
941 3.141464591245307
942 3.1414647535928517
943 3.1414647644199998
944 3.141464878737115
945 3.1414650705025458
946 3.141465083357559
947 3.141465125131898
948 3.1414659681426813
949 3.1414660131091714
950 3.1414660203241156
951 3.141465808727464
952 3.1414662582358472
953 3.141466970306154
954 3.1414673190922997
955 3.1414678095235327
956 3.1414679761893733
957 3.141468301984574
958 3.1414682129474762
959 3.1414682981470996
960 3.141468625970525
961 3.141468797256154
962 3.1414689410167598
963 3.1414690312389246
964 3.1414690364950753
965 3.1414692760776504
966 3.1414694111733854
967 3.1414695366662135
968 3.141469793113921
969 3.14146980464782
970 3.1414700179145694
971 3.141470093163398
972 3.141470168150064
973 3.141470265427643
974 3.141470464658312
975 3.1414704426410704
976 3.1414711553929955
977 3.1414715713820898
978 3.141472524965012
979 3.1414726717565022
980 3.1414724951680775
981 3.1414732095434763
982 3.1414739504551235
983 3.1414745853536807
984 3.1414743937443697
985 3.1414747065015405
986 3.1414751644767236
987 3.1414752456376953
988 3.141475367841393
989 3.14147544832953
990 3.141475535412838
991 3.1414756055719084
992 3.1414756785458633
993 3.1414756919054225
994 3.141475785582349
995 3.1414759140037396
996 3.1414759459853316
997 3.141476036662363
998 3.1414761970245637
999 3.1414762488756347
1000 3.1414762869161317