0.0 6.214608098422191
1.0986122886681098 0.2872906687141212
1.3862943611198906 0.6259800715154578
1.6094379124341003 0.9088224699344475
1.791759469228055 1.180617507228421
1.9459101490553132 1.4338321618976608
2.0794415416798357 1.686613365029537
2.1972245773362196 1.863158159513893
2.302585092994046 2.166712230020895
2.3978952727983707 2.313887020611195
2.4849066497880004 2.4757526523351925
2.5649493574615367 2.5654989097734826
2.6390573296152584 2.6140359645456877
2.70805020110221 2.6945941462107523
2.772588722239781 2.7112826588123604
2.833213344056216 2.7740344341602614
2.8903717578961645 2.8019812830072635
2.9444389791664403 2.847387584288269
2.995732273553991 2.8460168612453787
3.044522437723423 2.8935956687300313
3.091042453358316 2.903800610972287
3.1354942159291497 2.916174785523088
3.1780538303479458 2.9417563820939194
3.2188758248682006 2.9599003717268513
3.258096538021482 2.9706786332890163
3.295836866004329 2.9809052697397873
3.332204510175204 2.9931218206510404
3.367295829986474 3.0020794669127704
3.4011973816621555 3.0098390758747646
3.4339872044851463 3.020423338944836
3.4657359027997265 3.0204076139435263
3.4965075614664802 3.0316779688271014
3.5263605246161616 3.0359356067629184
3.5553480614894135 3.043562097724744
3.58351893845611 3.0502129580095887
3.6109179126442243 3.0539128216099996
3.6375861597263857 3.0636849187585535
3.6635616461296463 3.066928786117326
3.6888794541139363 3.0674139646593335
3.713572066704308 3.0723975284054448
3.7376696182833684 3.075971361713174
3.7612001156935624 3.077337371254882
3.784189633918261 3.0822241820371667
3.8066624897703196 3.0838570014179454
3.828641396489095 3.0867958995572238
3.8501476017100584 3.0883307406844125
3.871201010907891 3.0872380813419835
3.8918202981106265 3.092914025567583
3.912023005428146 3.0933619214724546
3.9318256327243257 3.095494783054923
3.9512437185814275 3.0961901553276276
3.970291913552122 3.0965742371642766
3.9889840465642745 3.0999502238644014
4.007333185232471 3.1008703555875163
4.02535169073515 3.101883723945661
4.04305126783455 3.102512382391629
4.060443010546419 3.1037921963071535
4.07753744390572 3.1069928120283623
4.0943445622221 3.107434933899797
4.110873864173311 3.1083042765166726
4.127134385045092 3.108983951833975
4.143134726391533 3.1107531968689406
4.1588830833596715 3.112323179736653
4.174387269895637 3.1119474393199695
4.189654742026425 3.1116501424119587
4.204692619390966 3.113410958602399
4.219507705176107 3.1151357400287676
4.23410650459726 3.115909080918737
4.248495242049359 3.1156071767901636
4.2626798770413155 3.1173371232009766
4.276666119016055 3.1170444531348327
4.290459441148391 3.117471680835063
4.30406509320417 3.119094866759406
4.31748811353631 3.1198196721117117
4.330733340286331 3.120080563462677
4.343805421853684 3.120557395152909
4.356708826689592 3.1205493079654323
4.3694478524670215 3.121678033489565
4.382026634673881 3.1228406630085055
4.394449154672439 3.123191069315026
4.406719247264253 3.1232436211906327
4.418840607796598 3.1233016832334264
4.430816798843313 3.123934305832458
4.442651256490317 3.124693497556124
4.454347296253507 3.1251212542328766
4.465908118654584 3.125966485612216
4.477336814478207 3.126262865000269
4.48863636973214 3.1262705592873603
4.499809670330265 3.1265457178339493
4.51085950651685 3.127458845530932
4.5217885770490405 3.1273859250985585
4.532599493153256 3.1276799562689277
4.543294782270004 3.1282167819840003
4.553876891600541 3.128433868359479
4.564348191467836 3.127911991745435
4.574710978503383 3.1283113724746587
4.584967478670572 3.1279748211590395
4.59511985013459 3.128595647117433
4.605170185988092 3.1287611130314974
4.61512051684126 3.1286245228283196
4.624972813284271 3.129447638117052
4.634728988229636 3.129785010802408
4.6443908991413725 3.1301323483323693
4.653960350157523 3.1302349875245215
4.663439094112067 3.130749792091016
4.672828834461906 3.1309081281854785
4.68213122712422 3.13089619353156
4.6913478822291435 3.130914543904433
4.700480365792417 3.131205510044169
4.709530201312334 3.131370077754951
4.718498871295094 3.131631361002286
4.727387818712341 3.131765148669074
4.736198448394496 3.1322134446597047
4.74493212836325 3.1321055267432505
4.7535901911063645 3.1323932046516694
4.762173934797756 3.1324025016233357
4.770684624465665 3.1327556182555885
4.77912349311153 3.13293799478531
4.787491742782046 3.1333069962249684
4.795790545596741 3.133219061301952
4.804021044733257 3.1334066101231315
4.812184355372417 3.133497372592479
4.820281565605037 3.1338320427714064
4.8283137373023015 3.133871623252757
4.836281906951478 3.1340738502632908
4.844187086458591 3.1343636785403075
4.852030263919617 3.134293385649715
4.859812404361672 3.134367065749839
4.867534450455582 3.134609525998932
4.875197323201151 3.1349041205813184
4.882801922586371 3.1350355715244014
4.890349128221754 3.135168786173939
4.897839799950911 3.1352247705149083
4.90527477843843 3.1352768465119683
4.912654885736052 3.13548562749256
4.919980925828125 3.135568646964379
4.927253685157205 3.135661685994938
4.9344739331306915 3.1357235353480877
4.941642422609304 3.135803039485995
4.948759890378168 3.135824444614631
4.955827057601261 3.1359175605894554
4.962844630259907 3.136021431533878
4.969813299576001 3.136038486333845
4.976733742420574 3.1361635765919886
4.983606621708336 3.136381030312959
4.990432586778736 3.1364038970499664
4.997212273764115 3.1364261320356075
5.003946305945459 3.1364371047138473
5.0106352940962555 3.136445223290354
5.017279836814924 3.1364530875146306
5.0238805208462765 3.1364849871640277
5.030437921392435 3.136632463789576
5.0369526024136295 3.1366784536575176
5.043425116919247 3.1368310431008672
5.049856007249537 3.1367581402278417
5.056245805348308 3.1367989589740355
5.062595033026967 3.1369140848182724
5.0689042022202315 3.1370158494482254
5.075173815233827 3.1370885974351412
5.081404364984463 3.1371057388292436
5.087596335232384 3.136951563952739
5.093750200806762 3.137126794433587
5.099866427824199 3.137118632283379
5.10594547390058 3.1370805470204517
5.111987788356544 3.137224390872326
5.117993812416755 3.1372588712351073
5.123963979403259 3.137394134661052
5.1298987149230735 3.1372883059920893
5.135798437050262 3.137270533241213
5.14166355650266 3.1372647714538777
5.147494476813453 3.1374054477957674
5.153291594497779 3.137506628540426
5.159055299214529 3.1375771382630586
5.1647859739235145 3.1376280789854465
5.170483995038151 3.137685861908641
5.176149732573829 3.1377134175262595
5.181783550292085 3.1377914052328393
5.187385805840755 3.137737263328787
5.19295685089021 3.1377653933319904
5.198497031265826 3.137806650648179
5.204006687076795 3.137892506881061
5.209486152841421 3.1379011720674854
5.214935757608986 3.1378848959220362
5.220355825078324 3.138026112530886
5.225746673713202 3.138185616618851
5.231108616854587 3.1381628539668087
5.236441962829949 3.138147274080726
5.241747015059643 3.1382519156753337
5.247024072160486 3.138254216667961
5.25227342804663 3.138272639386015
5.2574953720277815 3.138188077215841
5.262690188904886 3.1383479927924367
5.267858159063328 3.138366879410718
5.272999558563747 3.1384277063160293
5.278114659230517 3.1384741930204503
5.2832037287379885 3.1384477967465774
5.288267030694535 3.1385059013324303
5.293304824724492 3.138516839072695
5.298317366548036 3.1385075837864402
5.303304908059076 3.1385522534864836
5.308267697401205 3.1385278996587367
5.313205979041787 3.138552857962869
5.318119993844216 3.1386216925774653
5.3230099791384085 3.1387125136983793
5.327876168789581 3.138700502508261
5.332718793265369 3.1387212894061394
5.337538079701318 3.1387488833450248
5.342334251964811 3.138805212502367
5.3471075307174685 3.138835592895276
5.351858133476067 3.138941996128232
5.356586274672012 3.138964338371792
5.3612921657094255 3.138886724897511
5.365976015021851 3.13890355473745
5.3706380281276624 3.138971678407716
5.375278407684165 3.139101698746111
5.37989735354046 3.1390721851527577
5.384495062789089 3.1390404495954027
5.389071729816501 3.138963546260536
5.393627546352362 3.139003580348354
5.3981627015177525 3.1390329313231486
5.402677381872279 3.139052351235456
5.407171771460119 3.139039093611715
5.4116460518550396 3.139093392442115
5.41610040220442 3.1390856569747725
5.420534999272286 3.139093392993082
5.424950017481403 3.139173501585204
5.429345628954441 3.1391878382793292
5.43372200355424 3.139264778978291
5.438079308923196 3.139352727357104
5.442417710521793 3.1393491121493486
5.44673737166631 3.1393466206133955
5.4510384535657 3.139413855975597
5.455321115357702 3.1393591737940563
5.459585514144159 3.1393840278546277
5.4638318050256105 3.139436858791392
5.4680601411351315 3.1394210510872598
5.472270673671475 3.1394633405711825
5.476463551931511 3.1393884021105762
5.480638923341991 3.1394713494318283
5.484796933490655 3.1394332617025023
5.488937726156687 3.1393681851701682
5.493061443340548 3.13939372410776
5.497168225293202 3.1394397177695215
5.501258210544727 3.139459209711887
5.5053315359323625 3.139411978208814
5.5093883366279774 3.139610751338816
5.5134287461649825 3.139634472012636
5.517452896464707 3.139637952617584
5.521460917862246 3.1396144808542914
5.5254529391317835 3.139591956352675
5.529429087511423 3.139599476035714
5.53338948872752 3.139647946464627
5.537334267018537 3.139686569889316
5.541263545158426 3.1396722626810156
5.545177444479562 3.139638239871383
5.54907608489522 3.13969270442281
5.552959584921617 3.139587514785146
5.556828061699537 3.1396768256233014
5.560681631015528 3.139690282926184
5.564520407322694 3.139789918070029
5.568344503761097 3.1397835967390173
5.572154032177765 3.1397614539054
5.575949103146316 3.1397400388910808
5.579729825986222 3.1397284887371617
5.583496308781699 3.1397996443175473
5.58724865840025 3.1398261343027447
5.5909869805108565 3.1397153502971595
5.594711379601839 3.1397199663557767
5.598421958998375 3.139754762314447
5.602118820879701 3.1398676022826932
5.605802066295998 3.1398687657403963
5.60947179518496 3.139862098394388
5.6131281063880705 3.1399127042314676
5.616771097666572 3.1399089047197233
5.62040086571715 3.1399291171416537
5.6240175061873385 3.1399612853731265
5.627621113690637 3.139985204353953
5.631211781821365 3.1399815213894238
5.634789603169249 3.139977757505783
5.638354669333745 3.1400325877413215
5.641907070938114 3.140054051491455
5.645446897643238 3.1400678737246053
5.648974238161206 3.1400802886181993
5.652489180268651 3.1401009708082377
5.655991810819852 3.140106279491636
5.659482215759621 3.1400971156300153
5.662960480135946 3.1401237270596187
5.666426688112432 3.140150268128285
5.66988092298052 3.1401733867418633
5.673323267171493 3.1401782242665526
5.676753802268282 3.1401644771636392
5.680172609017068 3.14017190152025
5.683579767338681 3.1402061139589033
5.68697535633982 3.1402124685464505
5.69035945432406 3.1402174538178076
5.6937321388027 3.140204583712076
5.697093486505405 3.1401917349488775
5.700443573390687 3.14022915879798
5.703782474656201 3.1402674885808635
5.707110264748875 3.1402503326140287
5.71042701737487 3.14026287875333
5.713732805509369 3.1402738106431554
5.717027701406222 3.140308894197385
5.720311776607412 3.1403084997607436
5.723585101952381 3.140302373007439
5.726847747587197 3.1403139160364857
5.730099782973574 3.1403341981570554
5.733341276897746 3.140321522356188
5.736572297479192 3.1402984016521125
5.739792912179234 3.140324884124783
5.7430031878094825 3.140357948194673
5.746203190540153 3.140376972664462
5.749392985908253 3.140402027370179
5.752572638825633 3.140393186438388
5.755742213586912 3.14039813344625
5.75890177387728 3.140413532115542
5.762051382780177 3.1404211695290587
5.765191102784844 3.140416701167499
5.768320995793772 3.140439580418118
5.771441123130016 3.1404289516639734
5.7745515455444085 3.1404185385035746
5.777652323222656 3.140440559221576
5.780743515792329 3.1404371498181085
5.783825182329737 3.1404658640219227
5.786897381366708 3.140465881004789
5.7899601708972535 3.140457197580234
5.793013608384144 3.140471324565476
5.796057750765372 3.140466601180802
5.799092654460526 3.140479461003492
5.802118375377063 3.140492933549552
5.805134968916488 3.1404948535825943
5.808142489980444 3.140508009596755
5.811140992976701 3.1405122109254364
5.814130531825066 3.1405160276366706
5.817111159963204 3.140523584044702
5.820082930352362 3.1405114522884974
5.823045895483019 3.140525722641845
5.82600010738045 3.1405312206382736
5.8289456176102075 3.1405559968972807
5.831882477283517 3.140573923303011
5.834810737062605 3.140566521189039
5.8377304471659395 3.1405502807415973
5.840641657373398 3.1405645353674467
5.84354441703136 3.1405817346600693
5.846438775057725 3.1405779351517134
5.849324779946859 3.1405635240054965
5.8522024797744745 3.140587993870523
5.855071922202427 3.1406172509403545
5.857933154483459 3.1405966139232357
5.860786223465865 3.1405990885041026
5.863631175598097 3.1406379157262125
5.8664680569332965 3.1406400970313575
5.869296913133774 3.1406146482891866
5.872117789475416 3.140609096302321
5.87493073085203 3.1406217360528723
5.877735781779639 3.1406380720948808
5.8805329864007 3.14063707264847
5.883322388488279 3.1406396736104845
5.886104031450156 3.1406466408927134
5.8888779583328805 3.140634959452476
5.8916442118257715 3.1406424282119043
5.8944028342648505 3.1406727673653787
5.8971538676367405 3.140665883310005
5.8998973535824915 3.1406570961440368
5.902633333401366 3.140655859376956
5.905361848054571 3.140680185650152
5.908082938168931 3.140681303527726
5.910796644040527 3.1407032828836403
5.91350300563827 3.14071161005371
5.916202062607435 3.1407059599786944
5.918893854273146 3.1407287509963693
5.921578419643816 3.140709101766156
5.924255797414532 3.140711956170748
5.926926025970411 3.1407162554853048
5.929589143389895 3.140725268847699
5.932245187448011 3.1407275889117012
5.934894195619588 3.1407353241223093
5.937536205082426 3.140742234101826
5.940171252720432 3.140743250590267
5.942799375126701 3.1407447914988804
5.945420608606575 3.140749866855414
5.948034989180646 3.140762191550174
5.950642552587727 3.1407651145886493
5.953243334287785 3.1407812063046014
5.955837369464831 3.1407831636463
5.958424693029782 3.1407876396594556
5.961005339623274 3.1407778917630136
5.963579343618446 3.140795516590841
5.966146739123692 3.140790490713378
5.968707559985366 3.140801715103674
5.971261839790462 3.14081729567978
5.973809611869261 3.140831577688771
5.976350909297934 3.140829614725515
5.978885764901122 3.1408238349314668
5.981414211254481 3.140831199340967
5.983936280687191 3.1408274732827692
5.986452005284438 3.1408355834293915
5.988961416889864 3.140832969769174
5.991464547107982 3.1408290019984437
5.993961427306569 3.140830564611324
5.996452088619021 3.1408442953561626
5.998936561946683 3.140848238750328
6.0014148779611505 3.140848592058619
6.003887067106539 3.1408506364913027
6.0063531596017325 3.1408608393565247
6.008813185442595 3.1408762928036955
6.0112671744041615 3.1408700080434957
6.013715156042802 3.140877048624297
6.016157159698354 3.1408740936505395
6.018593214496234 3.1408685411928414
6.021023349349527 3.140883378029806
6.023447592961033 3.140877424187131
6.025865973825314 3.14088036244179
6.028278520230698 3.1408870169326004
6.030685260261263 3.140886351417088
6.0330862217988015 3.14088822833316
6.035481432524756 3.140899990939413
6.037870919922137 3.140897126474353
6.040254711277414 3.1409067989482646
6.042632833682381 3.1409198647550496
6.045005314036012 3.140912834303858
6.0473721790462776 3.1409215995961075
6.049733455231958 3.140937806436332
6.052089168924417 3.1409347177327938
6.054439346269371 3.1409163486516154
6.056784013228625 3.1409349780079814
6.059123195581797 3.1409207878713943
6.061456918928017 3.1409341308757717
6.063785208687608 3.1409413647292816
6.066108090103747 3.1409330096139265
6.068425588244111 3.1409435122583202
6.07073772800249 3.140942568009698
6.073044534100405 3.140953893119396
6.075346031088684 3.140955138876158
6.077642243349034 3.1409583367633425
6.07993319509559 3.14096737009396
6.082218910376446 3.1409581224668215
6.0844994130751715 3.140938954190924
6.0867747269123065 3.1409464896924453
6.089044875446846 3.1409462540315345
6.091309882077698 3.140965059232694
6.093569770045136 3.140953134452713
6.095824562432225 3.1409598715235165
6.09807428216624 3.1409651936821916
6.100318952020064 3.1409941952244917
6.102558594613569 3.1409791885727856
6.104793232414985 3.1410002129597943
6.1070228877422545 3.1409991360263927
6.1092475827643655 3.141007265059167
6.111467339502679 3.1409919110693445
6.113682179832232 3.1409931239020072
6.115892125483034 3.1410089316017333
6.118097198041348 3.140999160233514
6.12029741895095 3.141021131749131
6.1224928095143865 3.1410273365765047
6.124683390894205 3.1410124289571426
6.126869184114185 3.14100218495747
6.129050210060545 3.141017238750719
6.131226489483141 3.1410142189736097
6.133398042996649 3.141019940487206
6.135564891081739 3.1410210263644505
6.137727054086234 3.1410138697095893
6.139884552226255 3.1410267243591874
6.142037405587356 3.1410250150461696
6.144185634125646 3.141025863947184
6.1463292576688975 3.1410344026999404
6.148468295917647 3.1410458790829137
6.150602768446279 3.1410352407999405
6.152732694704104 3.1410390091321694
6.154858094016418 3.1410334127294584
6.156978985585555 3.1410507068863165
6.159095388491933 3.141047547777811
6.161207321695077 3.1410510388045174
6.163314804034641 3.1410439873436307
6.16541785423142 3.1410435834927743
6.1675164908883415 3.141054808007135
6.169610732491456 3.1410481611648606
6.171700597410915 3.1410406308888543
6.173786103901937 3.141042799144982
6.175867270105761 3.1410625875350187
6.1779441140506 3.1410720313468996
6.180016653652572 3.141075064266294
6.182084906716632 3.1410744068496403
6.184148890937483 3.141076572230729
6.186208623900494 3.1410771374348805
6.18826412308259 3.1410804145425697
6.1903154058531475 3.1410878328971874
6.192362489474872 3.141091185051831
6.194405391104672 3.1410818120267003
6.19644412779452 3.1410952406938546
6.198478716492308 3.141090106299537
6.20050917404269 3.141094483648219
6.202535517187923 3.141100211395398
6.20455776256869 3.141099395120567
6.206575926724928 3.141114325182259
6.208590026096629 3.1411067487973
6.210600077024653 3.14110687942854
6.212606095751519 3.1411094003732303
6.214608098422191 3.141108070111146
