Started generation, 4, 5, 6, 7, 8, 9, 10, 11, 12, 13, 14, 15, 16, 17, 18, 19, 20, 21, 22, 23, 24, 25, 26, 27, 28, 29, 30, 31, 32, 33, 34, 35, 36, 37, 38, 39, 40, 41, 42, 43, 44, 45, 46, 47, 48
Generation finished for one iteration.
0 NaN
1 NaN
2 NaN
3 0.041843281460505685
4 0.2047090617005511
5 0.2735908226373389
6 0.36836882888060624
7 0.4098464852293695
8 0.47030914221161324
9 0.5527416150368198
10 0.6805526600400048
11 0.7782684754450268
12 0.723757638427705
13 0.8655229694139178
14 0.8659439537435437
15 0.8798600567973079
16 0.9333434874453158
17 0.9623717056366017
18 0.9614238716482535
19 0.9858087816538119
20 0.9924097366185651
21 0.9898160035497396
22 0.9954495729946573
23 0.9965581815135264
24 0.9966789715954846
25 0.9982616220922153
26 0.9994995442515023
27 0.9995318353994179
28 0.9995440658086134
29 0.9995715403636511
30 0.9997169242318492
31 0.9995618562947014
32 0.9998836198537603
33 0.999883695825328
34 0.9998837717968957
35 0.9998838094709167
36 0.9998854294257438
37 0.9998870493805707
38 0.9999047729895116
39 0.9999203326568892
40 0.9999324321749683
41 0.9999358133776693
42 0.9999313057230504
43 0.999935937534935
44 0.9999417473084229
45 0.9999675825793614
46 0.9999680196841887
47 0.9999695683593969
48 0.9999698714465047
