0.0 3.784189633918261
1.0986122886681098 0.09754235708816283
1.3862943611198906 0.2339448632083255
1.6094379124341003 0.34285995145203907
1.791759469228055 0.49847500688566215
1.9459101490553132 0.584232679383325
2.0794415416798357 0.6764873771877513
2.1972245773362196 0.7373989632293796
2.302585092994046 0.781104688365059
2.3978952727983707 0.8377875758138509
2.4849066497880004 0.8689880478202824
2.5649493574615367 0.8997824997677903
2.6390573296152584 0.9241731925475094
2.70805020110221 0.9397805037915157
2.772588722239781 0.9558859779355818
2.833213344056216 0.9699005724709977
2.8903717578961645 0.9803633564970328
2.9444389791664403 0.9835964700312423
2.995732273553991 0.9887216753104734
3.044522437723423 0.9904703484111013
3.091042453358316 0.9919523159433371
3.1354942159291497 0.9952457517171803
3.1780538303479458 0.996071232114546
3.2188758248682006 0.9966161620138805
3.258096538021482 0.9976435954692459
3.295836866004329 0.9984541514104698
3.332204510175204 0.9987261545402265
3.367295829986474 0.9993314705408937
3.4011973816621555 0.9994036477370886
3.4339872044851463 0.9996010252995308
3.4657359027997265 0.9997220409507932
3.4965075614664802 0.9996821155143703
3.5263605246161616 0.999854369826146
3.5553480614894135 0.9999058946561636
3.58351893845611 0.9999192654342994
3.6109179126442243 0.9999132952444005
3.6375861597263857 0.9999227467460794
3.6635616461296463 0.9998972785564544
3.6888794541139363 0.9999165304388211
3.713572066704308 0.9999154596917602
3.7376696182833684 0.999928643102317
3.7612001156935624 0.9999481825778305
3.784189633918261 0.9999592890777597
