0.0 3.4011973816621555
1.0986122886681098 0.060368759409601
1.3862943611198906 0.14734795085721347
1.6094379124341003 0.212028903237069
1.791759469228055 0.30037285181461143
1.9459101490553132 0.3592633921383921
2.0794415416798357 0.3831471275880716
2.1972245773362196 0.41520066089423036
2.302585092994046 0.4388453673124386
2.3978952727983707 0.4549662833817109
2.4849066497880004 0.46738806530882054
2.5649493574615367 0.47887636855985677
2.6390573296152584 0.48517288350271104
2.70805020110221 0.4889484125799547
2.772588722239781 0.4905380869256104
2.833213344056216 0.4955410102307842
2.8903717578961645 0.49788207215296193
2.9444389791664403 0.49851432125416056
2.995732273553991 0.49893381092732275
3.044522437723423 0.4993707924175503
3.091042453358316 0.4994942586641552
3.1354942159291497 0.4996270254151078
3.1780538303479458 0.49967799005032026
3.2188758248682006 0.4997363051261778
3.258096538021482 0.4998086264388223
3.295836866004329 0.4998772983225925
3.332204510175204 0.49991556284839106
3.367295829986474 0.4999461733741973
3.4011973816621555 0.4999442274351521
