0.0 4.0
0.0 0.0
0.05 0.0
0.1 0.0
0.15000000000000002 0.0
0.2 0.0
0.25 0.0
0.30000000000000004 0.0
0.35000000000000003 0.0
0.4 0.001176470588235294
0.45 0.001176470588235294
0.5 0.001176470588235294
0.55 0.0
0.6000000000000001 0.003529411764705882
0.65 0.002352941176470588
0.7000000000000001 0.00823529411764706
0.75 0.004705882352941176
0.8 0.00823529411764706
0.8500000000000001 0.01647058823529412
0.9 0.02117647058823529
0.9500000000000001 0.023529411764705875
1.0 0.05999999999999995
1.05 0.05999999999999995
1.1 0.057647058823529364
1.1500000000000001 0.06705882352941171
1.2000000000000002 0.07999999999999993
1.25 0.07882352941176464
1.3 0.09411764705882344
1.35 0.07294117647058818
1.4000000000000001 0.07647058823529405
1.4500000000000002 0.062352941176470535
1.5 0.05999999999999995
1.55 0.044705882352941144
1.6 0.027058823529411753
1.6500000000000001 0.023529411764705875
1.7000000000000002 0.01647058823529412
1.75 0.01647058823529412
1.8 0.007058823529411765
1.85 0.002352941176470588
1.9000000000000001 0.001176470588235294
1.9500000000000002 0.0
2.0 0.0
2.0500000000000003 0.0
2.1 0.0
2.15 0.0
2.2 0.0
2.25 0.0
2.3000000000000003 0.0
2.35 0.0
2.4000000000000004 0.0
2.45 0.0
2.5 0.0
2.5500000000000003 0.0
2.6 0.0
2.6500000000000004 0.0
2.7 0.0
2.75 0.0
2.8000000000000003 0.0
2.85 0.0
2.9000000000000004 0.0
2.95 0.0
3.0 0.0
3.0500000000000003 0.0
3.1 0.0
3.1500000000000004 0.0
3.2 0.0
3.25 0.0
3.3000000000000003 0.0
3.35 0.0
3.4000000000000004 0.0
3.45 0.0
3.5 0.0
3.5500000000000003 0.0
3.6 0.0
3.6500000000000004 0.0
3.7 0.0
3.75 0.0
3.8000000000000003 0.0
3.85 0.0
3.9000000000000004 0.0
3.95 0.0
