0.0 4.0
0.0 0.0
0.05 0.0
0.1 0.0
0.15000000000000002 0.0
0.2 0.0
0.25 0.0
0.30000000000000004 0.0
0.35000000000000003 0.0
0.4 0.0
0.45 0.0
0.5 0.0
0.55 0.0
0.6000000000000001 0.0
0.65 0.0
0.7000000000000001 0.0
0.75 0.0
0.8 0.0
0.8500000000000001 0.0
0.9 0.0
0.9500000000000001 0.0
1.0 0.0
1.05 0.0
1.1 0.0
1.1500000000000001 0.0
1.2000000000000002 0.0
1.25 0.0
1.3 0.0
1.35 0.0
1.4000000000000001 0.0
1.4500000000000002 0.0
1.5 0.0
1.55 0.0
1.6 0.0
1.6500000000000001 0.0
1.7000000000000002 0.0
1.75 0.0
1.8 0.0
1.85 0.0
1.9000000000000001 0.0
1.9500000000000002 0.0
2.0 0.0
2.0500000000000003 0.0
2.1 0.0
2.15 0.0
2.2 0.0
2.25 0.0
2.3000000000000003 0.0
2.35 0.0
2.4000000000000004 0.0
2.45 0.0
2.5 0.0
2.5500000000000003 0.002304147465437788
2.6 0.02534562211981567
2.6500000000000004 0.1267281105990784
2.7 0.317972350230414
2.75 0.38479262672810954
2.8000000000000003 0.12211981566820282
2.85 0.020737327188940093
2.9000000000000004 0.0
2.95 0.0
3.0 0.0
3.0500000000000003 0.0
3.1 0.0
3.1500000000000004 0.0
3.2 0.0
3.25 0.0
3.3000000000000003 0.0
3.35 0.0
3.4000000000000004 0.0
3.45 0.0
3.5 0.0
3.5500000000000003 0.0
3.6 0.0
3.6500000000000004 0.0
3.7 0.0
3.75 0.0
3.8000000000000003 0.0
3.85 0.0
3.9000000000000004 0.0
3.95 0.0
