0.0 4.0
0.0 0.13496503496503498
0.05 0.09370629370629384
0.1 0.09020979020979034
0.15000000000000002 0.10629370629370645
0.2 0.09090909090909104
0.25 0.08531468531468543
0.30000000000000004 0.07972027972027983
0.35000000000000003 0.06853146853146862
0.4 0.06083916083916092
0.45 0.04965034965034971
0.5 0.041958041958042
0.55 0.03216783216783219
0.6000000000000001 0.01888111888111888
0.65 0.019580419580419582
0.7000000000000001 0.010489510489510486
0.75 0.006293706293706293
0.8 0.004195804195804196
0.8500000000000001 0.004195804195804196
0.9 6.993006993006993E-4
0.9500000000000001 0.0013986013986013986
1.0 0.0
1.05 0.0
1.1 0.0
1.1500000000000001 0.0
1.2000000000000002 0.0
1.25 0.0
1.3 0.0
1.35 0.0
1.4000000000000001 0.0
1.4500000000000002 0.0
1.5 0.0
1.55 0.0
1.6 0.0
1.6500000000000001 0.0
1.7000000000000002 0.0
1.75 0.0
1.8 0.0
1.85 0.0
1.9000000000000001 0.0
1.9500000000000002 0.0
2.0 0.0
2.0500000000000003 0.0
2.1 0.0
2.15 0.0
2.2 0.0
2.25 0.0
2.3000000000000003 0.0
2.35 0.0
2.4000000000000004 0.0
2.45 0.0
2.5 0.0
2.5500000000000003 0.0
2.6 0.0
2.6500000000000004 0.0
2.7 0.0
2.75 0.0
2.8000000000000003 0.0
2.85 0.0
2.9000000000000004 0.0
2.95 0.0
3.0 0.0
3.0500000000000003 0.0
3.1 0.0
3.1500000000000004 0.0
3.2 0.0
3.25 0.0
3.3000000000000003 0.0
3.35 0.0
3.4000000000000004 0.0
3.45 0.0
3.5 0.0
3.5500000000000003 0.0
3.6 0.0
3.6500000000000004 0.0
3.7 0.0
3.75 0.0
3.8000000000000003 0.0
3.85 0.0
3.9000000000000004 0.0
3.95 0.0
