0.0 4.0
0.0 0.0
0.05 0.0
0.1 0.002
0.15000000000000002 0.003
0.2 0.010000000000000002
0.25 0.009000000000000001
0.30000000000000004 0.009000000000000001
0.35000000000000003 0.007
0.4 0.01800000000000001
0.45 0.03100000000000002
0.5 0.024000000000000014
0.55 0.03000000000000002
0.6000000000000001 0.04500000000000003
0.65 0.05400000000000004
0.7000000000000001 0.04900000000000004
0.75 0.07900000000000006
0.8 0.07500000000000005
0.8500000000000001 0.07100000000000005
0.9 0.07200000000000005
0.9500000000000001 0.06400000000000004
1.0 0.059000000000000045
1.05 0.06100000000000005
1.1 0.05400000000000004
1.1500000000000001 0.05100000000000004
1.2000000000000002 0.04300000000000003
1.25 0.01900000000000001
1.3 0.02100000000000001
1.35 0.015000000000000006
1.4000000000000001 0.011000000000000003
1.4500000000000002 0.005
1.5 0.002
1.55 0.002
1.6 0.004
1.6500000000000001 0.0
1.7000000000000002 0.0
1.75 0.001
1.8 0.0
1.85 0.0
1.9000000000000001 0.0
1.9500000000000002 0.0
2.0 0.0
2.0500000000000003 0.0
2.1 0.0
2.15 0.0
2.2 0.0
2.25 0.0
2.3000000000000003 0.0
2.35 0.0
2.4000000000000004 0.0
2.45 0.0
2.5 0.0
2.5500000000000003 0.0
2.6 0.0
2.6500000000000004 0.0
2.7 0.0
2.75 0.0
2.8000000000000003 0.0
2.85 0.0
2.9000000000000004 0.0
2.95 0.0
3.0 0.0
3.0500000000000003 0.0
3.1 0.0
3.1500000000000004 0.0
3.2 0.0
3.25 0.0
3.3000000000000003 0.0
3.35 0.0
3.4000000000000004 0.0
3.45 0.0
3.5 0.0
3.5500000000000003 0.0
3.6 0.0
3.6500000000000004 0.0
3.7 0.0
3.75 0.0
3.8000000000000003 0.0
3.85 0.0
3.9000000000000004 0.0
3.95 0.0
