0.0 4.0
0.0 0.013360667326452667
0.05 0.012653753711296442
0.1 0.01491587727979636
0.15000000000000002 0.013926198218577646
0.2 0.012653753711296442
0.25 0.011805457373108973
0.30000000000000004 0.013855506857062024
0.35000000000000003 0.013502050049483912
0.4 0.013007210518874554
0.45 0.013855506857062024
0.5 0.013855506857062024
0.55 0.01689523540223382
0.6000000000000001 0.015269334087374473
0.65 0.016117630425561955
0.7000000000000001 0.014279655026155759
0.75 0.015127951364343228
0.8 0.01724869220981194
0.8500000000000001 0.017178000848296317
0.9 0.01788491446345256
0.9500000000000001 0.01724869220981194
1.0 0.018309062632546304
1.05 0.020217729393468158
1.1 0.018026297186483808
1.1500000000000001 0.01724869220981194
1.2000000000000002 0.020005655308921285
1.25 0.01972288986285879
1.3 0.023752297469249367
1.35 0.02516612469956185
1.4000000000000001 0.02516612469956185
1.4500000000000002 0.02226777887742126
1.5 0.02580234695320247
1.55 0.027569630991093073
1.6 0.02686271737593683
1.6500000000000001 0.032588717658702325
1.7000000000000002 0.028276544606249315
1.75 0.031669729958999256
1.8 0.032518026297186704
1.85 0.031599038597483635
1.9000000000000001 0.030467976813233665
1.9500000000000002 0.03230595221263984
2.0 0.03202318676657736
2.0500000000000003 0.028630001413827436
2.1 0.026721334652905583
2.15 0.025731655591686844
2.2 0.021914322069843138
2.25 0.018309062632546304
2.3000000000000003 0.01519864272585885
2.35 0.011805457373108973
2.4000000000000004 0.007493284320656003
2.45 0.00452424713699986
2.5 0.0026862717375936685
2.5500000000000003 7.069136151562279E-4
2.6 7.06913615156228E-5
2.6500000000000004 0.0
2.7 0.0