0.0 1.0
0.0 1.0
0.05 0.951229424500714
0.1 0.9048374180359595
0.15000000000000002 0.8607079764250578
0.2 0.8187307530779818
0.25 0.7788007830714049
0.3 0.7408182206817179
0.35 0.7046880897187134
0.39999999999999997 0.6703200460356393
0.44999999999999996 0.6376281516217733
0.49999999999999994 0.6065306597126334
0.5499999999999999 0.5769498103804868
0.6 0.5488116360940264
0.65 0.522045776761016
0.7000000000000001 0.49658530379140947
0.7500000000000001 0.47236655274101463
0.8000000000000002 0.4493289641172215
0.8500000000000002 0.4274149319487266
0.9000000000000002 0.406569659740599
0.9500000000000003 0.3867410234545011
